1234|988025207|23_01_2015_04_30_10|1
1235|988025208|23_01_2015_04_30_10|2
1236|988025209|23_01_2015_04_30_10|1
1237|988025210|23_01_2015_04_30_10|2
1238|988025211|23_01_2015_04_30_10|1
1239|988025212|23_01_2015_04_30_10|2
1240|988025213|23_01_2015_04_30_10|1
1241|988025214|23_01_2015_04_30_10|2
1242|988025215|23_01_2015_04_30_10|1
1243|988025216|23_01_2015_04_30_10|2
1244|988025217|23_01_2015_04_30_10|1
1245|988025218|23_01_2015_04_30_10|2
1246|988025219|23_01_2015_04_30_10|1
1247|988025220|23_01_2015_04_30_10|2
1248|988025221|23_01_2015_04_30_10|1
1249|988025222|23_01_2015_04_30_10|2
1250|988025223|23_01_2015_04_30_10|1
1251|988025224|23_01_2015_04_30_10|2
1252|988025225|23_01_2015_04_30_10|1
